name: api
channels:
  - conda-forge
  - defaults
dependencies:
  - annotated-types=0.7.0=pyhd8ed1ab_1
  - anyio=4.7.0=pyhd8ed1ab_0
  - bzip2=1.0.8=h2466b09_7
  - ca-certificates=2024.12.14=h56e8100_0
  - certifi=2024.8.30=pyhd8ed1ab_0
  - click=8.1.7=win_pyh7428d3b_1
  - colorama=0.4.6=pyhd8ed1ab_1
  - dnspython=2.7.0=pyhff2d567_1
  - email-validator=2.2.0=pyhd8ed1ab_1
  - email_validator=2.2.0=hd8ed1ab_1
  - exceptiongroup=1.2.2=pyhd8ed1ab_1
  - fastapi=0.115.6=pyhd8ed1ab_0
  - fastapi-cli=0.0.6=pyhd8ed1ab_0
  - greenlet=3.1.1=py312h275cf98_0
  - h11=0.14.0=pyhd8ed1ab_1
  - h2=4.1.0=pyhd8ed1ab_1
  - hpack=4.0.0=pyhd8ed1ab_1
  - httpcore=1.0.7=pyh29332c3_1
  - httptools=0.6.4=py312h4389bb4_0
  - httpx=0.28.1=pyhd8ed1ab_0
  - hyperframe=6.0.1=pyhd8ed1ab_1
  - icu=75.1=he0c23c2_0
  - idna=3.10=pyhd8ed1ab_1
  - jinja2=3.1.4=pyhd8ed1ab_1
  - krb5=1.21.3=hdf4eb48_0
  - libexpat=2.6.4=he0c23c2_0
  - libffi=3.4.2=h8ffe710_5
  - liblzma=5.6.3=h2466b09_1
  - libpq=17.2=h81f3393_1
  - libsqlite=3.47.2=h67fdade_0
  - libzlib=1.3.1=h2466b09_2
  - markdown-it-py=3.0.0=pyhd8ed1ab_1
  - markupsafe=3.0.2=py312h31fea79_1
  - mdurl=0.1.2=pyhd8ed1ab_1
  - openssl=3.4.0=h2466b09_0
  - pip=24.3.1=pyh8b19718_0
  - psycopg2=2.9.9=py312h16142e3_2
  - pydantic=2.10.3=pyh3cfb1c2_0
  - pydantic-core=2.27.1=py312h2615798_0
  - pygments=2.18.0=pyhd8ed1ab_1
  - python=3.11
  - python-dotenv=1.0.1=pyhd8ed1ab_1
  - python-multipart=0.0.19=pyhff2d567_1
  - python_abi=3.12=5_cp312
  - pyyaml=6.0.2=py312h4389bb4_1
  - rich=13.9.4=pyhd8ed1ab_1
  - rich-toolkit=0.11.3=pyh29332c3_0
  - setuptools=75.6.0=pyhff2d567_1
  - shellingham=1.5.4=pyhd8ed1ab_1
  - sniffio=1.3.1=pyhd8ed1ab_1
  - sqlalchemy=2.0.36=py312h4389bb4_0
  - starlette=0.41.3=pyha770c72_1
  - tk=8.6.13=h5226925_1
  - typer=0.15.1=pyhd8ed1ab_0
  - typer-slim=0.15.1=pyhd8ed1ab_0
  - typer-slim-standard=0.15.1=hd8ed1ab_0
  - typing-extensions=4.12.2=hd8ed1ab_1
  - typing_extensions=4.12.2=pyha770c72_1
  - tzdata=2024b=hc8b5060_0
  - ucrt=10.0.22621.0=h57928b3_1
  - uvicorn=0.32.1=pyh5737063_1
  - uvicorn-standard=0.32.1=h5737063_1
  - vc=14.3=ha32ba9b_23
  - vc14_runtime=14.42.34433=he29a5d6_23
  - vs2015_runtime=14.42.34433=hdffcdeb_23
  - watchfiles=1.0.3=py312h2615798_0
  - websockets=14.1=py312h4389bb4_0
  - wheel=0.45.1=pyhd8ed1ab_1
  - yaml=0.2.5=h8ffe710_2
prefix: C:\Users\fire\mambaforge\envs\api
